1.000000000000000000e+00,1.000000000000000000e+00,1.000000000000000000e+00
1.000000000000000000e+00,1.000000000000000000e+00,1.000000000000000000e+00
1.000000000000000000e+00,1.000000000000000000e+00,1.000000000000000000e+00
1.000000000000000000e+00,1.000000000000000000e+00,1.000000000000000000e+00
1.000000000000000000e+00,1.000000000000000000e+00,1.000000000000000000e+00
9.999166666666666758e-01,9.999166666666666758e-01,9.999166666666666758e-01
9.998333402777778156e-01,9.998333402777778156e-01,9.997500138888889554e-01
9.993334166666667517e-01,9.984172916666665953e-01,9.985837499999999922e-01
9.980842500000000062e-01,9.971682291666666975e-01,9.957544999999999868e-01
9.927630000000000621e-01,9.873734444444445257e-01,9.848908124999999902e-01
9.775440277777777132e-01,9.679278541666667124e-01,9.618703124999998799e-01
9.394454513888889080e-01,9.095595416666666377e-01,8.855593333333333650e-01
8.415767499999999846e-01,7.739590625000000168e-01,7.259168611111112002e-01
6.828836805555554834e-01,5.543404027777777410e-01,4.710497708333333811e-01
4.807647222222222738e-01,2.977620833333333161e-01,2.175444444444444569e-01
2.620606944444444641e-01,1.127793333333333425e-01,6.033804861111111140e-02
1.156848750000000065e-01,2.663170833333333709e-02,8.489250000000000268e-03
3.974350000000000105e-02,4.192555555555556139e-03,7.182499999999999215e-04
9.942708333333332912e-03,3.977083333333333013e-04,3.358333333333333423e-05
1.933222222222222243e-03,3.447222222222222289e-05,6.805555555555556983e-07
