1.000000000000000000e+00
1.000000000000000000e+00
1.000000000000000000e+00
1.000000000000000000e+00
1.000000000000000000e+00
1.000000000000000000e+00
1.000000000000000000e+00
1.000000000000000000e+00
1.000000000000000000e+00
1.000000000000000000e+00
9.799999999999999822e-01
9.701999999999999513e-01
9.309999999999999387e-01
9.119999999999999218e-01
7.655999999999999472e-01
4.793999999999999928e-01
2.530000000000000582e-01
1.906499999999999861e-01
7.810000000000000275e-02
4.480000000000000648e-02
